case,T_mean,T_max,T_min,Es_mean,Es_max,Es_min
obs,0.8908247878547149,1.8052263259999999,0.0068844886666666666,0.3529843622031122,1.9007708333333333,0.02825
Ctl,1.0347557067871094,3.0007822513580322,0.008319907821714878,0.5277169346809387,4.957050323486328,4.917383193969727e-07
Lit,1.2342523336410522,3.3984744548797607,0.009931161068379879,0.5486196279525757,1.873319387435913,0.0030659048352390528
Watr,1.006969690322876,3.0445289611816406,0.009057510644197464,0.343079149723053,1.8806613683700562,0.0030010908376425505
Hi-Res,0.9632213115692139,3.007288694381714,0.008649542927742004,0.4259240925312042,1.9454296827316284,0.022738704457879066
Adj,1.032749891281128,3.0421857833862305,0.008913828060030937,0.3552890419960022,1.9372373819351196,0.0006612566066905856
β-hvrd,1.2641017436981201,3.5940911769866943,0.010237198323011398,0.3041246235370636,1.9378634691238403,0.003790995106101036
β-exp,1.1214396953582764,3.078739643096924,0.009064017795026302,0.32290592789649963,1.9328581094741821,0.0004892142023891211
Hi-Res_sub,0.9458600282669067,3.0337705612182617,0.00872702244669199,0.44574448466300964,1.9439308643341064,0.025225264951586723
